entry_1172166 , 56.618682861328125000, 47.886398315429687500, 0.711914062500000000,  ,  2090, 2982, 208
entry_1172166 , 57.380050659179687500, 48.567520141601562500, 0.713104248046875000,  ,  2093, 3064, 175
entry_1172166 , 55.677612304687500000, 46.942138671875000000, 0.709152221679687500,  ,  2079, 2984, 151
entry_1172166 , 57.109878540039062500, 48.203094482421875000, 0.719696044921875000,  ,  2113, 3024, 198
entry_1172166 , 58.049255371093750000, 49.313690185546875000, 0.705413818359375000,  ,  2071, 2983, 188
entry_1172166 , 57.643676757812500000, 48.842300415039062500, 0.714660644531250000,  ,  2097, 3007, 227
entry_1172166 , 58.486114501953125000, 49.488204956054687500, 0.729339599609375000,  ,  2140, 3118, 213
entry_1172166 , 57.307647705078125000, 48.454055786132812500, 0.715911865234375000,  ,  2100, 3014, 230
entry_1172166 , 56.448074340820312500, 47.711868286132812500, 0.707122802734375000,  ,  2077, 2943, 215
entry_1172166 , 56.670303344726562500, 47.951248168945312500, 0.706436157226562500,  ,  2073, 2938, 227
entry_1208099 , 98.999282836914062500, 86.186309814453125000, 1.024795532226562500,  ,  3008, 5627, 290
entry_1208099 , 96.312362670898437500, 83.702362060546875000, 1.003341674804687500,  ,  2945, 5449, 296
entry_1208099 , 99.177444458007812500, 86.273193359375000000, 1.024963378906250000,  ,  3007, 5629, 293
entry_1208099 , 97.124862670898437500, 84.573989868164062500, 0.997787475585937500,  ,  2928, 5436, 314
entry_1208099 , 98.559997558593750000, 85.749526977539062500, 1.017852783203125000,  ,  2987, 5547, 322
entry_1208099 , 99.409118652343750000, 86.446166992187500000, 1.025177001953125000,  ,  3010, 5585, 308
entry_1208099 , 98.496047973632812500, 85.616027832031250000, 1.021957397460937500,  ,  3001, 5497, 344
entry_1208099 , 98.512252807617187500, 85.534255981445312500, 1.027801513671875000,  ,  3015, 5580, 298
entry_1208099 , 96.533905029296875000, 83.961639404296875000, 0.990646362304687500,  ,  2907, 5403, 314
entry_1208099 , 99.112136840820312500, 86.241027832031250000, 1.017532348632812500,  ,  2986, 5479, 350
entry_1259502 , 79.288909912109375000, 70.277069091796875000, 0.724746704101562500,  ,  2127, 4575, 285
entry_1259502 , 81.106201171875000000, 71.923675537109375000, 0.733367919921875000,  ,  2151, 4689, 313
entry_1259502 , 88.648971557617187500, 78.623764038085937500, 0.802703857421875000,  ,  2356, 5156, 284
entry_1259502 , 83.742904663085937500, 74.043624877929687500, 0.778045654296875000,  ,  2285, 4830, 330
entry_1259502 , 81.299423217773437500, 72.003845214843750000, 0.740936279296875000,  ,  2175, 4667, 328
entry_1259502 , 85.361251831054687500, 75.631286621093750000, 0.774826049804687500,  ,  2273, 4942, 286
entry_1259502 , 81.152053833007812500, 71.906845092773437500, 0.739120483398437500,  ,  2168, 4624, 295
entry_1259502 , 86.778778076171875000, 77.075881958007812500, 0.766998291015625000,  ,  2251, 5076, 254
entry_1259502 , 82.451477050781250000, 73.115997314453125000, 0.741409301757812500,  ,  2173, 4736, 276
entry_1259502 , 83.093643188476562500, 73.553909301757812500, 0.764389038085937500,  ,  2242, 4835, 263
entry_1328123 , 88.210800170898437500, 78.331130981445312500, 0.779785156250000000,  ,  2288, 5124, 258
entry_1328123 , 91.254592895507812500, 81.069519042968750000, 0.803787231445312500,  ,  2360, 5315, 238
entry_1328123 , 87.648498535156250000, 77.670028686523437500, 0.783264160156250000,  ,  2300, 5100, 248
entry_1328123 , 88.619430541992187500, 78.651062011718750000, 0.784927368164062500,  ,  2304, 5099, 267
entry_1328123 , 90.391403198242187500, 80.329467773437500000, 0.793731689453125000,  ,  2331, 5281, 225
entry_1328123 , 90.148132324218750000, 79.993545532226562500, 0.798934936523437500,  ,  2343, 5252, 231
entry_1328123 , 90.284255981445312500, 80.108688354492187500, 0.801605224609375000,  ,  2353, 5262, 227
entry_1328123 , 90.569992065429687500, 80.421127319335937500, 0.795394897460937500,  ,  2334, 5268, 245
entry_1328123 , 89.181335449218750000, 79.050277709960937500, 0.791702270507812500,  ,  2326, 5177, 244
entry_1328123 , 90.427581787109375000, 80.292846679687500000, 0.791198730468750000,  ,  2321, 5247, 229
entry_1401278 , 67.045791625976562500, 57.401809692382812500, 0.757415771484375000,  ,  2224, 3559, 186
entry_1401278 , 67.143066406250000000, 57.524078369140625000, 0.754028320312500000,  ,  2214, 3551, 213
entry_1401278 , 66.299377441406250000, 56.865692138671875000, 0.747894287109375000,  ,  2196, 3465, 235
entry_1401278 , 63.570907592773437500, 54.419799804687500000, 0.726501464843750000,  ,  2134, 3374, 160
entry_1401278 , 66.767227172851562500, 57.182708740234375000, 0.750762939453125000,  ,  2205, 3480, 252
entry_1401278 , 64.815414428710937500, 55.485733032226562500, 0.737564086914062500,  ,  2166, 3376, 216
entry_1401278 , 64.535720825195312500, 55.199493408203125000, 0.743286132812500000,  ,  2182, 3447, 172
entry_1401278 , 64.519851684570312500, 55.185272216796875000, 0.742263793945312500,  ,  2178, 3447, 183
entry_1401278 , 64.779617309570312500, 55.491760253906250000, 0.734832763671875000,  ,  2158, 3409, 203
entry_1401278 , 64.807525634765625000, 55.483871459960937500, 0.738052368164062500,  ,  2167, 3387, 217
entry_1449152 , 103.764450073242187500, 89.869628906250000000, 1.080093383789062500,  ,  3172, 5622, 308
entry_1449152 , 103.377044677734375000, 89.524002075195312500, 1.074783325195312500,  ,  3157, 5630, 277
entry_1449152 , 103.832885742187500000, 89.997070312500000000, 1.077621459960937500,  ,  3163, 5606, 315
entry_1449152 , 103.909240722656250000, 89.952011108398437500, 1.078933715820312500,  ,  3168, 5625, 309
entry_1449152 , 104.584197998046875000, 90.751495361328125000, 1.077987670898437500,  ,  3165, 5618, 309
entry_1449152 , 104.119277954101562500, 90.247039794921875000, 1.074325561523437500,  ,  3156, 5562, 348
entry_1449152 , 104.955657958984375000, 90.892593383789062500, 1.087478637695312500,  ,  3191, 5608, 348
entry_1449152 , 103.741500854492187500, 89.937255859375000000, 1.071350097656250000,  ,  3147, 5615, 250
entry_1449152 , 104.528411865234375000, 90.462570190429687500, 1.085494995117187500,  ,  3187, 5574, 352
entry_1449152 , 104.480957031250000000, 90.470886230468750000, 1.087783813476562500,  ,  3192, 5589, 334
entry_1454639 , 46.637603759765625000, 39.695861816406250000, 0.558166503906250000,  ,  1638, 2357, 191
entry_1454639 , 46.090240478515625000, 39.252563476562500000, 0.550277709960937500,  ,  1614, 2372, 153
entry_1454639 , 46.205184936523437500, 39.328155517578125000, 0.554580688476562500,  ,  1623, 2395, 137
entry_1454639 , 46.102081298828125000, 39.227355957031250000, 0.554214477539062500,  ,  1623, 2302, 225
entry_1454639 , 45.553329467773437500, 38.778732299804687500, 0.546386718750000000,  ,  1600, 2327, 172
entry_1454639 , 46.200485229492187500, 39.307235717773437500, 0.552856445312500000,  ,  1619, 2351, 179
entry_1454639 , 45.982696533203125000, 39.105102539062500000, 0.554687500000000000,  ,  1623, 2340, 193
entry_1454639 , 45.923828125000000000, 39.166320800781250000, 0.544113159179687500,  ,  1593, 2358, 140
entry_1454639 , 46.231353759765625000, 39.362457275390625000, 0.554199218750000000,  ,  1624, 2358, 172
entry_1454639 , 45.520736694335937500, 38.778884887695312500, 0.542129516601562500,  ,  1590, 2314, 178
entry_1472758 , 121.356246948242187500, 108.349380493164062500, 1.012390136718750000,  ,  2973, 7254, 232
entry_1472758 , 117.989776611328125000, 105.346771240234375000, 0.980804443359375000,  ,  2881, 6970, 219
entry_1472758 , 118.952758789062500000, 106.207473754882812500, 0.982666015625000000,  ,  2884, 7028, 220
entry_1472758 , 126.699081420898437500, 113.410888671875000000, 1.025131225585937500,  ,  3011, 7312, 263
entry_1472758 , 122.218505859375000000, 109.189636230468750000, 1.003555297851562500,  ,  2946, 7194, 230
entry_1472758 , 123.052246093750000000, 110.048187255859375000, 1.005859375000000000,  ,  2955, 7295, 196
entry_1472758 , 121.094299316406250000, 108.216812133789062500, 0.992782592773437500,  ,  2916, 7167, 189
entry_1472758 , 123.094619750976562500, 110.022018432617187500, 1.002548217773437500,  ,  2945, 7214, 257
entry_1472758 , 123.170455932617187500, 110.061370849609375000, 1.011199951171875000,  ,  2971, 7209, 236
entry_1472758 , 118.157073974609375000, 105.509353637695312500, 0.969467163085937500,  ,  2849, 6900, 251
entry_175312 , 79.643615722656250000, 69.968078613281250000, 0.749221801757812500,  ,  2198, 4400, 236
entry_175312 , 79.826431274414062500, 70.236419677734375000, 0.746887207031250000,  ,  2191, 4387, 265
entry_175312 , 79.794860839843750000, 70.149856567382812500, 0.745193481445312500,  ,  2185, 4390, 252
entry_175312 , 80.839660644531250000, 71.077865600585937500, 0.756088256835937500,  ,  2215, 4450, 259
entry_175312 , 78.899108886718750000, 69.269393920898437500, 0.747436523437500000,  ,  2191, 4364, 245
entry_175312 , 78.969543457031250000, 69.488830566406250000, 0.739242553710937500,  ,  2167, 4349, 233
entry_175312 , 78.890182495117187500, 69.287094116210937500, 0.742935180664062500,  ,  2179, 4328, 263
entry_175312 , 79.044692993164062500, 69.499969482421875000, 0.736877441406250000,  ,  2162, 4379, 191
entry_175312 , 80.012771606445312500, 70.385452270507812500, 0.743865966796875000,  ,  2182, 4422, 221
entry_175312 , 79.596908569335937500, 70.069244384765625000, 0.738601684570312500,  ,  2166, 4395, 216
entry_1782058 , 52.189147949218750000, 45.065063476562500000, 0.561416625976562500,  ,  1647, 2710, 185
entry_1782058 , 52.505371093750000000, 45.328643798828125000, 0.568222045898437500,  ,  1669, 2749, 180
entry_1782058 , 53.277404785156250000, 46.133880615234375000, 0.567092895507812500,  ,  1663, 2800, 179
entry_1782058 , 51.865341186523437500, 44.847640991210937500, 0.558105468750000000,  ,  1639, 2712, 179
entry_1782058 , 52.932769775390625000, 45.730163574218750000, 0.568145751953125000,  ,  1669, 2779, 184
entry_1782058 , 53.438720703125000000, 46.285415649414062500, 0.565841674804687500,  ,  1660, 2819, 155
entry_1782058 , 51.401596069335937500, 44.248199462890625000, 0.566482543945312500,  ,  1662, 2732, 155
entry_1782058 , 53.801971435546875000, 46.485885620117187500, 0.577468872070312500,  ,  1695, 2825, 164
entry_1782058 , 52.612869262695312500, 45.512878417968750000, 0.560470581054687500,  ,  1647, 2743, 184
entry_1782058 , 49.885910034179687500, 43.068847656250000000, 0.538192749023437500,  ,  1580, 2585, 173
entry_1820966 , 123.854843139648437500, 110.650100708007812500, 1.016723632812500000,  ,  2987, 7291, 212
entry_1820966 , 125.363388061523437500, 111.986618041992187500, 1.026885986328125000,  ,  3014, 7366, 212
entry_1820966 , 124.338775634765625000, 111.087860107421875000, 1.022842407226562500,  ,  3003, 7290, 207
entry_1820966 , 124.269012451171875000, 111.063476562500000000, 1.014480590820312500,  ,  2979, 7263, 250
entry_1820966 , 127.244781494140625000, 113.795837402343750000, 1.024536132812500000,  ,  3010, 7420, 256
entry_1820966 , 126.436676025390625000, 113.082824707031250000, 1.029541015625000000,  ,  3025, 7361, 196
entry_1820966 , 126.081359863281250000, 112.708343505859375000, 1.022644042968750000,  ,  3004, 7344, 242
entry_1820966 , 124.654083251953125000, 111.427520751953125000, 1.010635375976562500,  ,  2970, 7209, 280
entry_1820966 , 123.830093383789062500, 110.607604980468750000, 1.006713867187500000,  ,  2958, 7218, 212
entry_1820966 , 123.926483154296875000, 110.713684082031250000, 1.007781982421875000,  ,  2958, 7161, 251
entry_1976800 , 104.883087158203125000, 90.880828857421875000, 1.060729980468750000,  ,  3114, 5452, 326
entry_1976800 , 104.584091186523437500, 90.515518188476562500, 1.068222045898437500,  ,  3137, 5461, 341
entry_1976800 , 104.607254028320312500, 90.625991821289062500, 1.063003540039062500,  ,  3122, 5462, 321
entry_1976800 , 105.141006469726562500, 91.148773193359375000, 1.066345214843750000,  ,  3131, 5467, 332
entry_1976800 , 104.164794921875000000, 90.163116455078125000, 1.065597534179687500,  ,  3130, 5555, 243
entry_1976800 , 104.772216796875000000, 90.943557739257812500, 1.057723999023437500,  ,  3104, 5438, 330
entry_1976800 , 104.575668334960937500, 90.556518554687500000, 1.061889648437500000,  ,  3118, 5455, 332
entry_1976800 , 106.004806518554687500, 91.878021240234375000, 1.073638916015625000,  ,  3152, 5579, 284
entry_1976800 , 104.377258300781250000, 90.411926269531250000, 1.059570312500000000,  ,  3112, 5416, 362
entry_1976800 , 104.215744018554687500, 90.433624267578125000, 1.056030273437500000,  ,  3100, 5389, 359
entry_2336361 , 66.476531982421875000, 58.051162719726562500, 0.651367187500000000,  ,  1912, 3458, 312
entry_2336361 , 65.996154785156250000, 57.638870239257812500, 0.643814086914062500,  ,  1891, 3461, 259
entry_2336361 , 65.911132812500000000, 57.566238403320312500, 0.645126342773437500,  ,  1894, 3411, 302
entry_2336361 , 64.727859497070312500, 56.410293579101562500, 0.644470214843750000,  ,  1892, 3368, 289
entry_2336361 , 64.424179077148437500, 56.176284790039062500, 0.639724731445312500,  ,  1878, 3402, 273
entry_2336361 , 65.726486206054687500, 57.451080322265625000, 0.643066406250000000,  ,  1885, 3454, 258
entry_2336361 , 66.345687866210937500, 58.120834350585937500, 0.635528564453125000,  ,  1866, 3496, 261
entry_2336361 , 65.984603881835937500, 57.630432128906250000, 0.647247314453125000,  ,  1899, 3449, 277
entry_2336361 , 65.481002807617187500, 57.182434082031250000, 0.642974853515625000,  ,  1887, 3446, 282
entry_2336361 , 66.068328857421875000, 57.731170654296875000, 0.644409179687500000,  ,  1892, 3459, 280
entry_2371822 , 82.139480590820312500, 72.638671875000000000, 0.719818115234375000,  ,  2112, 4392, 350
entry_2371822 , 81.505050659179687500, 72.152526855468750000, 0.708786010742187500,  ,  2079, 4402, 323
entry_2371822 , 81.930465698242187500, 72.510360717773437500, 0.713088989257812500,  ,  2094, 4385, 361
entry_2371822 , 81.326614379882812500, 71.895767211914062500, 0.710327148437500000,  ,  2086, 4296, 388
entry_2371822 , 81.068908691406250000, 71.749893188476562500, 0.706542968750000000,  ,  2073, 4303, 364
entry_2371822 , 79.981185913085937500, 70.685394287109375000, 0.702392578125000000,  ,  2063, 4254, 321
entry_2371822 , 80.569808959960937500, 71.164596557617187500, 0.710662841796875000,  ,  2085, 4271, 389
entry_2371822 , 81.412887573242187500, 71.927658081054687500, 0.714431762695312500,  ,  2098, 4355, 366
entry_2371822 , 81.959457397460937500, 72.468261718750000000, 0.715438842773437500,  ,  2099, 4345, 367
entry_2371822 , 81.517272949218750000, 72.038024902343750000, 0.716644287109375000,  ,  2104, 4282, 415
entry_2449400 , 107.515457153320312500, 95.983215332031250000, 0.872314453125000000,  ,  2562, 6260, 246
entry_2449400 , 107.454193115234375000, 95.923950195312500000, 0.874877929687500000,  ,  2568, 6252, 280
entry_2449400 , 107.214904785156250000, 95.650695800781250000, 0.875350952148437500,  ,  2571, 6202, 302
entry_2449400 , 106.256652832031250000, 94.890762329101562500, 0.861755371093750000,  ,  2531, 6027, 412
entry_2449400 , 111.005828857421875000, 99.162429809570312500, 0.895294189453125000,  ,  2630, 6337, 399
entry_2449400 , 110.162796020507812500, 98.348205566406250000, 0.892654418945312500,  ,  2623, 6372, 279
entry_2449400 , 112.627548217773437500, 100.692276000976562500, 0.902816772460937500,  ,  2651, 6494, 304
entry_2449400 , 108.243392944335937500, 96.680587768554687500, 0.872070312500000000,  ,  2563, 6269, 284
entry_2449400 , 111.952392578125000000, 100.064697265625000000, 0.897109985351562500,  ,  2635, 6418, 354
entry_2449400 , 112.294738769531250000, 100.333450317382812500, 0.905868530273437500,  ,  2661, 6471, 253
entry_281877 , 110.581680297851562500, 97.957260131835937500, 0.947601318359375000,  ,  2780, 6122, 305
entry_281877 , 111.307113647460937500, 98.765243530273437500, 0.944107055664062500,  ,  2771, 6156, 300
entry_281877 , 110.794830322265625000, 98.142608642578125000, 0.948989868164062500,  ,  2785, 6156, 286
entry_281877 , 110.358032226562500000, 97.939163208007812500, 0.937225341796875000,  ,  2749, 6089, 284
entry_281877 , 110.599258422851562500, 98.104614257812500000, 0.941177368164062500,  ,  2763, 6048, 363
entry_281877 , 109.332901000976562500, 96.950958251953125000, 0.928604125976562500,  ,  2725, 6030, 302
entry_281877 , 111.371261596679687500, 98.663314819335937500, 0.951522827148437500,  ,  2794, 6208, 264
entry_281877 , 110.972869873046875000, 98.502410888671875000, 0.932144165039062500,  ,  2734, 6031, 364
entry_281877 , 110.340820312500000000, 97.765365600585937500, 0.939514160156250000,  ,  2757, 6135, 264
entry_281877 , 110.679718017578125000, 98.245590209960937500, 0.932052612304687500,  ,  2736, 6042, 343
entry_3093222 , 117.708236694335937500, 104.622436523437500000, 0.982177734375000000,  ,  2882, 6537, 303
entry_3093222 , 115.389877319335937500, 102.543533325195312500, 0.964340209960937500,  ,  2831, 6361, 340
entry_3093222 , 117.490570068359375000, 104.388778686523437500, 0.983642578125000000,  ,  2886, 6546, 291
entry_3093222 , 118.462432861328125000, 105.378311157226562500, 0.981414794921875000,  ,  2881, 6565, 335
entry_3093222 , 117.088500976562500000, 104.077865600585937500, 0.975326538085937500,  ,  2862, 6442, 335
entry_3093222 , 116.766204833984375000, 103.771255493164062500, 0.972412109375000000,  ,  2854, 6482, 290
entry_3093222 , 117.585235595703125000, 104.543197631835937500, 0.980468750000000000,  ,  2877, 6520, 309
entry_3093222 , 118.975738525390625000, 105.701232910156250000, 0.988510131835937500,  ,  2901, 6620, 275
entry_3093222 , 118.636779785156250000, 105.502410888671875000, 0.980545043945312500,  ,  2878, 6526, 361
entry_3093222 , 117.178894042968750000, 104.229858398437500000, 0.971099853515625000,  ,  2849, 6423, 362
entry_3183067 , 88.179153442382812500, 78.409240722656250000, 0.732437133789062500,  ,  2151, 4810, 294
entry_3183067 , 91.730346679687500000, 81.548706054687500000, 0.769363403320312500,  ,  2255, 5067, 249
entry_3183067 , 94.418212890625000000, 83.820770263671875000, 0.797607421875000000,  ,  2341, 5108, 315
entry_3183067 , 91.830810546875000000, 81.628601074218750000, 0.768569946289062500,  ,  2254, 4965, 306
entry_3183067 , 95.817611694335937500, 85.067932128906250000, 0.811172485351562500,  ,  2381, 5254, 277
entry_3183067 , 94.004623413085937500, 83.543746948242187500, 0.787063598632812500,  ,  2310, 5078, 337
entry_3183067 , 93.111480712890625000, 82.708694458007812500, 0.781051635742187500,  ,  2292, 5038, 318
entry_3183067 , 94.208038330078125000, 83.648681640625000000, 0.796035766601562500,  ,  2336, 5162, 230
entry_3183067 , 91.928405761718750000, 81.586044311523437500, 0.779388427734375000,  ,  2287, 4967, 300
entry_3183067 , 93.322418212890625000, 83.033523559570312500, 0.774963378906250000,  ,  2273, 5070, 315
entry_3191714 , 117.021621704101562500, 103.661483764648437500, 0.991882324218750000,  ,  2911, 6366, 343
entry_3191714 , 118.011367797851562500, 104.649856567382812500, 0.990951538085937500,  ,  2909, 6441, 367
entry_3191714 , 119.364624023437500000, 105.967590332031250000, 0.992813110351562500,  ,  2914, 6515, 349
entry_3191714 , 116.908065795898437500, 103.672286987304687500, 0.981567382812500000,  ,  2881, 6369, 394
entry_3191714 , 117.514739990234375000, 104.288330078125000000, 0.990264892578125000,  ,  2906, 6402, 354
entry_3191714 , 117.523727416992187500, 104.323379516601562500, 0.981231689453125000,  ,  2878, 6457, 361
entry_3191714 , 115.561187744140625000, 102.448242187500000000, 0.974105834960937500,  ,  2859, 6382, 304
entry_3191714 , 118.610183715820312500, 105.325057983398437500, 0.990798950195312500,  ,  2908, 6471, 331
entry_3191714 , 119.995574951171875000, 106.643173217773437500, 0.992813110351562500,  ,  2915, 6534, 362
entry_3191714 , 116.078063964843750000, 102.873458862304687500, 0.981674194335937500,  ,  2880, 6324, 339
entry_3407950 , 75.675430297851562500, 66.673583984375000000, 0.671432495117187500,  ,  1971, 3862, 315
entry_3407950 , 74.716262817382812500, 65.916534423828125000, 0.660293579101562500,  ,  1938, 3859, 303
entry_3407950 , 74.654022216796875000, 65.783004760742187500, 0.666061401367187500,  ,  1955, 3859, 326
entry_3407950 , 75.463211059570312500, 66.519912719726562500, 0.669799804687500000,  ,  1967, 3836, 330
entry_3407950 , 74.823211669921875000, 65.905899047851562500, 0.669219970703125000,  ,  1965, 3835, 347
entry_3407950 , 73.518096923828125000, 64.712539672851562500, 0.658813476562500000,  ,  1933, 3773, 360
entry_3407950 , 75.403167724609375000, 66.469482421875000000, 0.673400878906250000,  ,  1979, 3835, 348
entry_3407950 , 75.839126586914062500, 66.755722045898437500, 0.683807373046875000,  ,  2008, 3926, 310
entry_3407950 , 75.271087646484375000, 66.258300781250000000, 0.678100585937500000,  ,  1991, 3902, 296
entry_3407950 , 74.302810668945312500, 65.411560058593750000, 0.668243408203125000,  ,  1962, 3853, 337
entry_3597590 , 104.797042846679687500, 90.805816650390625000, 1.039062500000000000,  ,  3052, 5302, 330
entry_3597590 , 104.030548095703125000, 90.104644775390625000, 1.042221069335937500,  ,  3059, 5264, 348
entry_3597590 , 101.872146606445312500, 88.199813842773437500, 1.026184082031250000,  ,  3012, 5136, 392
entry_3597590 , 103.833312988281250000, 89.933624267578125000, 1.039733886718750000,  ,  3053, 5314, 327
entry_3597590 , 103.627639770507812500, 89.778594970703125000, 1.040588378906250000,  ,  3055, 5279, 365
entry_3597590 , 104.124893188476562500, 90.318969726562500000, 1.035949707031250000,  ,  3041, 5247, 406
entry_3597590 , 103.453842163085937500, 89.715072631835937500, 1.028839111328125000,  ,  3022, 5242, 356
entry_3597590 , 105.884765625000000000, 91.807418823242187500, 1.049560546875000000,  ,  3082, 5443, 345
entry_3597590 , 104.500427246093750000, 90.629776000976562500, 1.037780761718750000,  ,  3048, 5340, 328
entry_3597590 , 103.335037231445312500, 89.693939208984375000, 1.026611328125000000,  ,  3012, 5248, 344
entry_3633654 , 48.792251586914062500, 42.506027221679687500, 0.478607177734375000,  ,  1404, 2396, 265
entry_3633654 , 48.799407958984375000, 42.395843505859375000, 0.486785888671875000,  ,  1428, 2424, 278
entry_3633654 , 49.441558837890625000, 42.906921386718750000, 0.496963500976562500,  ,  1456, 2387, 326
entry_3633654 , 50.334350585937500000, 43.817413330078125000, 0.496246337890625000,  ,  1453, 2536, 251
entry_3633654 , 51.187011718750000000, 44.621337890625000000, 0.501892089843750000,  ,  1471, 2562, 265
entry_3633654 , 47.659606933593750000, 41.341461181640625000, 0.481323242187500000,  ,  1410, 2382, 239
entry_3633654 , 49.028442382812500000, 42.753997802734375000, 0.481109619140625000,  ,  1409, 2449, 252
entry_3633654 , 48.489456176757812500, 42.225219726562500000, 0.479797363281250000,  ,  1406, 2409, 262
entry_3633654 , 49.199386596679687500, 42.774993896484375000, 0.488143920898437500,  ,  1432, 2429, 265
entry_3633654 , 46.825820922851562500, 40.714492797851562500, 0.466171264648437500,  ,  1365, 2331, 231
entry_443030 , 53.657440185546875000, 46.370590209960937500, 0.566741943359375000,  ,  1665, 2711, 200
entry_443030 , 55.726211547851562500, 48.015960693359375000, 0.597564697265625000,  ,  1755, 2827, 214
entry_443030 , 53.057617187500000000, 45.829360961914062500, 0.558715820312500000,  ,  1640, 2657, 229
entry_443030 , 54.160919189453125000, 46.845489501953125000, 0.568618774414062500,  ,  1670, 2786, 173
entry_443030 , 52.775726318359375000, 45.605407714843750000, 0.555511474609375000,  ,  1631, 2649, 218
entry_443030 , 52.164871215820312500, 45.054611206054687500, 0.553756713867187500,  ,  1625, 2670, 153
entry_443030 , 54.670272827148437500, 47.217453002929687500, 0.576477050781250000,  ,  1695, 2846, 137
entry_443030 , 53.231246948242187500, 46.072204589843750000, 0.560317993164062500,  ,  1647, 2738, 161
entry_443030 , 52.681350708007812500, 45.504653930664062500, 0.554946899414062500,  ,  1630, 2675, 221
entry_443030 , 54.328979492187500000, 46.943374633789062500, 0.573104858398437500,  ,  1683, 2783, 155
entry_4906328 , 151.564071655273437500, 129.491043090820312500, 1.637619018554687500,  ,  4796, 3438, 3284
entry_4906328 , 149.834411621093750000, 127.795043945312500000, 1.636917114257812500,  ,  4793, 3484, 3245
entry_4906328 , 150.831314086914062500, 128.711364746093750000, 1.644790649414062500,  ,  4815, 3406, 3368
entry_4906328 , 152.417709350585937500, 130.335952758789062500, 1.640731811523437500,  ,  4803, 3543, 3290
entry_4906328 , 150.410888671875000000, 128.442993164062500000, 1.632476806640625000,  ,  4779, 3452, 3271
entry_4906328 , 150.221435546875000000, 128.031402587890625000, 1.652664184570312500,  ,  4839, 3351, 3439
entry_4906328 , 150.765533447265625000, 128.729034423828125000, 1.643661499023437500,  ,  4813, 3397, 3357
entry_4906328 , 150.648971557617187500, 128.405181884765625000, 1.660430908203125000,  ,  4861, 3374, 3451
entry_4906328 , 150.043182373046875000, 127.922439575195312500, 1.647781372070312500,  ,  4826, 3407, 3373
entry_4906328 , 149.016510009765625000, 127.039535522460937500, 1.636703491210937500,  ,  4793, 3376, 3354
entry_794331 , 104.788970947265625000, 90.985137939453125000, 1.033950805664062500,  ,  3034, 5531, 260
entry_794331 , 104.107925415039062500, 90.218215942382812500, 1.043838500976562500,  ,  3064, 5481, 294
entry_794331 , 104.936431884765625000, 91.215988159179687500, 1.034210205078125000,  ,  3037, 5506, 333
entry_794331 , 102.054061889648437500, 88.557693481445312500, 1.012527465820312500,  ,  2972, 5349, 275
entry_794331 , 104.777008056640625000, 90.930297851562500000, 1.036697387695312500,  ,  3045, 5545, 273
entry_794331 , 104.694946289062500000, 90.887832641601562500, 1.040618896484375000,  ,  3058, 5500, 299
entry_794331 , 104.951751708984375000, 91.096969604492187500, 1.042160034179687500,  ,  3060, 5507, 267
entry_794331 , 105.413452148437500000, 91.493423461914062500, 1.053817749023437500,  ,  3090, 5517, 355
entry_794331 , 104.863006591796875000, 91.039550781250000000, 1.047302246093750000,  ,  3074, 5540, 267
entry_794331 , 104.809585571289062500, 90.907165527343750000, 1.040206909179687500,  ,  3054, 5433, 338
entry_802540 , 106.142395019531250000, 91.865066528320312500, 1.075088500976562500,  ,  3159, 5529, 293
entry_802540 , 108.029510498046875000, 93.661972045898437500, 1.083389282226562500,  ,  3181, 5620, 322
entry_802540 , 106.055984497070312500, 91.802398681640625000, 1.073242187500000000,  ,  3150, 5489, 316
entry_802540 , 106.415832519531250000, 92.121780395507812500, 1.075729370117187500,  ,  3159, 5542, 308
entry_802540 , 106.224884033203125000, 92.009231567382812500, 1.071578979492187500,  ,  3148, 5486, 322
entry_802540 , 106.629913330078125000, 92.277099609375000000, 1.084442138671875000,  ,  3186, 5607, 280
entry_802540 , 105.929718017578125000, 91.669891357421875000, 1.067108154296875000,  ,  3132, 5451, 362
entry_802540 , 106.240936279296875000, 92.091751098632812500, 1.069595336914062500,  ,  3143, 5544, 296
entry_802540 , 107.231628417968750000, 92.885238647460937500, 1.080474853515625000,  ,  3175, 5558, 316
entry_802540 , 106.625808715820312500, 92.364822387695312500, 1.072097778320312500,  ,  3148, 5516, 333
entry_833138 , 106.044082641601562500, 91.808883666992187500, 1.068099975585937500,  ,  3137, 5477, 319
entry_833138 , 106.311340332031250000, 92.103240966796875000, 1.071182250976562500,  ,  3146, 5469, 357
entry_833138 , 106.661514282226562500, 92.280700683593750000, 1.079177856445312500,  ,  3167, 5532, 295
entry_833138 , 107.589981079101562500, 93.304443359375000000, 1.072036743164062500,  ,  3147, 5591, 325
entry_833138 , 107.244125366210937500, 92.964096069335937500, 1.078781127929687500,  ,  3169, 5627, 261
entry_833138 , 108.454650878906250000, 94.009078979492187500, 1.088348388671875000,  ,  3195, 5643, 323
entry_833138 , 106.604812622070312500, 92.245178222656250000, 1.077209472656250000,  ,  3164, 5500, 328
entry_833138 , 106.180374145507812500, 92.061325073242187500, 1.063415527343750000,  ,  3123, 5486, 305
entry_833138 , 107.476852416992187500, 92.927459716796875000, 1.091201782226562500,  ,  3205, 5567, 329
entry_833138 , 108.399917602539062500, 93.994888305664062500, 1.086563110351562500,  ,  3191, 5669, 302
entry_846035 , 105.854614257812500000, 91.935913085937500000, 1.045898437500000000,  ,  3070, 5562, 329
entry_846035 , 105.509338378906250000, 91.594558715820312500, 1.046340942382812500,  ,  3071, 5569, 313
entry_846035 , 104.891738891601562500, 91.149154663085937500, 1.029205322265625000,  ,  3023, 5514, 312
entry_846035 , 103.961853027343750000, 90.297836303710937500, 1.031066894531250000,  ,  3028, 5487, 327
entry_846035 , 104.984970092773437500, 91.269485473632812500, 1.034057617187500000,  ,  3034, 5595, 228
entry_846035 , 106.374496459960937500, 92.490539550781250000, 1.043197631835937500,  ,  3061, 5605, 325
entry_846035 , 106.364837646484375000, 92.350418090820312500, 1.054550170898437500,  ,  3097, 5557, 328
entry_846035 , 107.266494750976562500, 93.376617431640625000, 1.040603637695312500,  ,  3057, 5601, 367
entry_846035 , 105.007202148437500000, 91.365890502929687500, 1.026626586914062500,  ,  3014, 5552, 319
entry_846035 , 107.729614257812500000, 93.709503173828125000, 1.056076049804687500,  ,  3100, 5682, 299
entry_893242 , 121.277908325195312500, 107.335678100585937500, 1.013214111328125000,  ,  2976, 6499, 514
entry_893242 , 122.347335815429687500, 108.372634887695312500, 1.012374877929687500,  ,  2974, 6515, 539
entry_893242 , 121.743026733398437500, 107.786727905273437500, 1.006332397460937500,  ,  2956, 6451, 582
entry_893242 , 123.948684692382812500, 109.876266479492187500, 1.017349243164062500,  ,  2987, 6540, 596
entry_893242 , 124.487609863281250000, 110.376068115234375000, 1.021209716796875000,  ,  3000, 6565, 566
entry_893242 , 121.909652709960937500, 108.043563842773437500, 0.999725341796875000,  ,  2937, 6414, 593
entry_893242 , 123.174865722656250000, 109.121032714843750000, 1.016769409179687500,  ,  2987, 6499, 566
entry_893242 , 124.236145019531250000, 110.125808715820312500, 1.018142700195312500,  ,  2992, 6585, 524
entry_893242 , 123.329986572265625000, 109.223587036132812500, 1.017013549804687500,  ,  2986, 6552, 485
entry_893242 , 123.832168579101562500, 109.741897583007812500, 1.015762329101562500,  ,  2983, 6585, 489
entry_914121 , 88.281616210937500000, 78.232299804687500000, 0.743133544921875000,  ,  2182, 4535, 399
entry_914121 , 85.431243896484375000, 75.508132934570312500, 0.737579345703125000,  ,  2165, 4396, 381
entry_914121 , 86.737808227539062500, 76.658264160156250000, 0.747482299804687500,  ,  2193, 4530, 350
entry_914121 , 88.002075195312500000, 77.746337890625000000, 0.761764526367187500,  ,  2238, 4563, 367
entry_914121 , 88.167282104492187500, 77.875244140625000000, 0.766693115234375000,  ,  2251, 4526, 398
entry_914121 , 87.495849609375000000, 77.263916015625000000, 0.759933471679687500,  ,  2231, 4524, 382
entry_914121 , 87.806533813476562500, 77.541061401367187500, 0.761505126953125000,  ,  2236, 4518, 364
entry_914121 , 87.484924316406250000, 77.308670043945312500, 0.751373291015625000,  ,  2204, 4577, 368
entry_914121 , 86.679946899414062500, 76.553161621093750000, 0.750488281250000000,  ,  2202, 4525, 342
entry_914121 , 86.421600341796875000, 76.398361206054687500, 0.742797851562500000,  ,  2178, 4508, 402
